PDEW 2021/01/16 03:53:36.4 -31.04  -71.38  59.1 0.0 5.1 NEAR COAST OF CENTRAL CH
C202101160353A   B: 84  120  40 S:124  193  50 M:  0    0   0 CMT: 1 TRIHD:  0.9
CENTROID:      1.5 0.2 -31.09 0.01  -71.38 0.01  62.3  2.1 FREE S-20210413200101
23 -2.700 0.148 -0.863 0.139  3.570 0.150 -3.250 0.083  5.000 0.122  0.282 0.109
V10   6.598 31 257   0.365 17 156  -6.957 53  41   6.777  30 21  -34 152 78 -108
PDEW 2021/01/19 02:46:22.4 -31.83  -68.80  20.8 0.0 6.4 SAN JUAN PROVINCE, ARGEN
C202101190246A   B:175  399  40 S:177  394  50 M:162  312 125 CMT: 1 TRIHD:  4.3
CENTROID:      4.0 0.0 -31.85 0.00  -68.86 0.00  25.8  0.3 FREE S-20210413210116
25  2.160 0.025  4.990 0.025 -7.150 0.028 -2.340 0.063  1.650 0.068 -0.335 0.023
V10   6.401 30 186   1.033 58 344  -7.434 10  90   6.918 223 61  164 321 76   30
SWEQ 2021/01/19 11:58:16.0 -45.75  -77.75  10.0 0.0 5.0 OFF COAST OF SOUTHERN CH
C202101191158A   B: 16   18  40 S:106  148  50 M:  0    0   0 CMT: 1 TRIHD:  0.7
CENTROID:      5.7 0.3 -45.78 0.01  -77.55 0.02  20.7  1.5 FREE S-20210413210428
23 -0.328 0.142  1.140 0.114 -0.814 0.102 -0.684 0.198  0.004 0.199 -2.820 0.086
V10   3.236  9 215  -0.355 77  80  -2.883  9 306   3.060 351 77    0 261 90  167
PDEW 2021/01/24 00:07:45.3 -33.35  -70.15 109.5 0.0 5.7 CHILE-ARGENTINA BORDER R
C202101240007A   B:  6    6  40 S: 60   99  50 M:  0    0   0 CMT: 1 TRIHD:  1.8
CENTROID:      2.7 0.5 -33.50 0.03  -70.01 0.04 108.1 10.1 FREE S-20210504150010
24 -0.278 0.436 -0.865 0.373  1.140 0.463 -1.790 0.174 -4.760 0.216  0.844 0.362
V10   5.743 40 110  -1.173  0 201  -4.573 50 291   5.158 197  5  -94  21 85  -90
PDEW 2021/02/11 14:01:27.3 -39.83  -71.96  10.0 0.0 4.8 S. CHILE-ARGENTINA BORDE
C202102111401A   B: 36   44  40 S:108  161  50 M:  0    0   0 CMT: 1 TRIHD:  0.8
CENTROID:      5.4 0.2 -39.87 0.01  -71.96 0.02  21.2  1.4 FREE S-20210502082123
23 -0.356 0.147 -1.390 0.107  1.740 0.133 -0.537 0.213  0.403 0.205  3.640 0.109
V10   4.138  1 303  -0.230 79 210  -3.913 11  33   4.025  78 82   -7 169 83 -172
PDEW 2021/02/19 06:54:30.2 -29.35  -71.60  39.0 0.0 4.9 NEAR COAST OF CENTRAL CH
C202102190654A   B: 31   33  40 S: 75   86  50 M:  0    0   0 CMT: 1 TRIHD:  0.8
CENTROID:      2.4 0.4 -29.57 0.03  -71.89 0.03  31.9  0.8 FREE S-20210603013906
23  4.270 0.256 -0.022 0.147 -4.240 0.181  0.966 0.161  0.798 0.196  0.806 0.109
V10   4.581 76 334  -0.140 14 172  -4.433  4  81   4.507 156 43   70   3 51  108
PDEW 2021/03/08 12:48:07.0 -32.21  -69.88 102.3 0.0 5.3 MENDOZA PROVINCE, ARGENT
C202103081248A   B: 87  128  40 S:126  205  50 M:  0    0   0 CMT: 1 TRIHD:  1.0
CENTROID:      2.9 0.2 -32.18 0.01  -69.78 0.02 105.9  1.2 FREE S-20210530084203
24 -0.825 0.014  0.089 0.016  0.736 0.019 -0.133 0.012  0.020 0.017  0.441 0.015
V10   0.960  1 117  -0.112 10 207  -0.849 80  19   0.905 197 45 -105  37 47  -76
PDEW 2021/03/10 01:53:21.9 -45.57  -76.68  10.0 0.0 4.5 OFF COAST OF SOUTHERN CH
C202103100153A   B: 27   30  40 S:103  127  50 M:  0    0   0 CMT: 1 TRIHD:  0.7
CENTROID:      0.2 0.3 -45.44 0.03  -76.90 0.02  13.2  1.1 FREE S-20210530092353
23 -2.280 0.147 -0.077 0.080  2.360 0.102  1.590 0.296  0.803 0.218 -0.108 0.062
V10   2.507 11 274   0.713 26  10  -3.217 62 163   2.862 336 41 -131 205 61  -60
PDEW 2021/04/17 03:50:57.3 -30.46  -72.07  10.0 0.0 4.9 OFF COAST OF CENTRAL CHI
C202104170350A   B: 32   35  40 S: 76   99  50 M:  0    0   0 CMT: 1 TRIHD:  0.7
CENTROID:      3.8 0.3 -30.56 0.02  -72.16 0.02  22.0  0.9 FREE S-20210629231508
23  2.790 0.153 -0.287 0.082 -2.500 0.106  0.326 0.129 -1.770 0.148  0.064 0.051
V10   3.351 73  74  -0.302  3 176  -3.046 17 267   3.199   2 28   97 174 62   86
PDEW 2021/04/19 03:18:57.6 -33.97  -72.41  12.8 0.0 5.3 OFF COAST OF CENTRAL CHI
C202104190318A   B: 78  114  40 S:108  180  50 M:  0    0   0 CMT: 1 TRIHD:  1.0
CENTROID:      6.0 0.2 -34.02 0.01  -72.45 0.01  21.2  0.6 FREE S-20210629233535
24  0.597 0.018 -0.003 0.011 -0.594 0.013 -0.009 0.018 -0.713 0.030 -0.075 0.007
V10   0.931 65  87   0.002  3 183  -0.933 25 275   0.932  12 20   99 182 70   87
PDEW 2021/04/19 04:11:26.5 -33.98  -72.41   8.8 0.0 5.2 OFF COAST OF CENTRAL CHI
C202104190411A   B: 64   86  40 S:104  161  50 M:  0    0   0 CMT: 1 TRIHD:  1.0
CENTROID:      6.8 0.2 -34.03 0.01  -72.44 0.02  19.8  0.9 FREE S-20210629233504
24  0.570 0.024  0.012 0.013 -0.583 0.017  0.031 0.024 -0.752 0.044 -0.029 0.009
V10   0.943 64  84   0.011  3 180  -0.954 26 271   0.949   7 19   98 179 71   87
PDEW 2021/04/19 11:13:28.4 -33.97  -72.37  10.0 0.0 5.2 OFF COAST OF CENTRAL CHI
C202104191113A   B: 77  102  40 S:115  183  50 M:  0    0   0 CMT: 1 TRIHD:  1.0
CENTROID:      5.5 0.2 -33.97 0.01  -72.45 0.01  21.9  0.7 FREE S-20210629233555
23  5.610 0.183 -0.220 0.109 -5.390 0.131  0.052 0.171 -5.650 0.247 -0.609 0.076
V10   8.005 67  85  -0.191  3 183  -7.813 23 274   7.909  11 22   99 182 68   86
PDEW 2021/04/19 13:05:27.0 -33.96  -72.35  10.3 0.0 5.0 OFF COAST OF CENTRAL CHI
C202104191305A   B: 42   48  40 S: 93  131  50 M:  0    0   0 CMT: 1 TRIHD:  0.8
CENTROID:      4.3 0.3 -34.05 0.02  -72.37 0.02  23.3  0.9 FREE S-20210629233443
23  3.510 0.178 -0.386 0.100 -3.120 0.113 -0.208 0.130 -2.640 0.161  0.622 0.057
V10   4.466 70 104  -0.347  7 354  -4.115 19 262   4.291 340 27   74 178 64   98
PDEW 2021/04/22 00:17:15.6 -33.99  -72.36  13.0 0.0 5.5 OFF COAST OF CENTRAL CHI
C202104220017A   B:103  157  40 S:144  258  50 M:  0    0   0 CMT: 1 TRIHD:  1.4
CENTROID:      5.0 0.1 -34.03 0.01  -72.46 0.01  21.1  0.5 FREE S-20210629235648
24  1.530 0.031  0.033 0.019 -1.560 0.023 -0.003 0.036 -1.750 0.058 -0.113 0.014
V10   2.320 66  87   0.036  2 182  -2.354 24 273   2.337   7 21   96 181 69   88
PDEW 2021/04/29 02:17:17.7 -37.26  -70.83 145.0 0.0 5.6 SOUTHERN ARGENTINA      
C202104290217A   B:151  302  40 S:166  345  50 M:  0    0   0 CMT: 1 TRIHD:  1.7
CENTROID:      2.7 0.1 -37.29 0.01  -71.05 0.01 155.4  0.6 FREE S-20210630012924
24 -1.310 0.035 -0.474 0.043  1.790 0.049 -0.670 0.026 -3.800 0.032 -1.770 0.038
V10   4.595 31  75  -0.109 26 181  -4.480 48 304   4.537 115 28 -159   6 80  -64
PDEW 2021/05/02 06:57:39.2 -30.14  -71.58  33.0 0.0 5.8 NEAR COAST OF CENTRAL CH
C202105020657A   B:156  306  40 S:156  315  50 M: 89  107 125 CMT: 1 TRIHD:  1.9
CENTROID:      3.4 0.1 -30.18 0.01  -71.71 0.01  42.4  0.4 FREE S-20210729205134
24  4.830 0.048  0.906 0.040 -5.730 0.047  2.150 0.048 -2.080 0.058  1.350 0.035
V10   5.947 68  19   0.601 18 162  -6.542 13 256   6.244   9 36  122 151 60   69
PDEW 2021/06/02 14:47:03.4 -45.75  -76.55  10.0 0.0 4.4 OFF COAST OF SOUTHERN CH
C202106021447A   B: 18   19  40 S: 86  111  50 M:  0    0   0 CMT: 1 TRIHD:  0.7
CENTROID:      3.5 0.3 -45.84 0.02  -77.78 0.03  25.4  1.2 FREE S-20210920120048
23 -1.510 0.192  1.650 0.131 -0.137 0.123 -0.597 0.208 -0.517 0.238 -2.110 0.077
V10   3.058  3 213  -0.768 45 120  -2.287 45 306   2.673 339 58  -33  89 62 -143
PDEW 2021/06/05 03:05:11.8 -34.87  -74.07   5.1 0.0 5.4 OFF COAST OF CENTRAL CHI
C202106050305A   B:112  181  40 S:152  279  50 M:  0    0   0 CMT: 1 TRIHD:  1.2
CENTROID:      5.2 0.1 -35.01 0.01  -74.10 0.01  18.5  0.3 FREE S-20210829213829
24 -1.260 0.021  0.326 0.013  0.932 0.016  0.645 0.031  0.351 0.033  0.656 0.010
V10   1.506 13 306  -0.013 13  39  -1.495 71 171   1.500  19 33 -114 226 60  -75
PDEW 2021/06/12 03:36:26.0 -33.74  -72.20  15.2 0.0 5.1 OFF COAST OF CENTRAL CHI
C202106120336A   B: 80  110  40 S:114  167  50 M:  0    0   0 CMT: 1 TRIHD:  1.0
CENTROID:      5.6 0.2 -33.65 0.01  -72.30 0.02  27.7  0.8 FREE S-20210829222015
23  5.640 0.186 -0.268 0.123 -5.370 0.127 -0.575 0.207 -5.680 0.253 -1.040 0.081
V10   8.047 67  92  -0.088  3 188  -7.957 23 279   8.002  15 22   97 187 68   87
PDEW 2021/06/22 19:16:27.0 -32.10  -71.14  74.5 0.0 5.3 NEAR COAST OF CENTRAL CH
C202106221916A   B: 45   53  40 S: 86  110  50 M:  0    0   0 CMT: 1 TRIHD:  0.7
CENTROID:      2.1 0.3 -32.06 0.03  -71.14 0.03  75.2  2.3 FREE S-20210923140243
23 -3.310 0.126 -0.174 0.117  3.490 0.123 -0.150 0.080  0.540 0.116  1.100 0.141
V10   3.827  4 285  -0.450  6 195  -3.371 83  49   3.599  21 41  -81 190 49  -97
PDEW 2021/07/04 01:01:37.8 -28.74  -71.51  24.0 0.0 5.9 NEAR COAST OF CENTRAL CH
C202107040101A   B:158  331  40 S:170  361  50 M:121  162 125 CMT: 1 TRIHD:  2.2
CENTROID:      4.1 0.1 -28.84 0.01  -71.74 0.01  30.5  0.3 FREE S-20210928205438
25  0.759 0.006  0.057 0.005 -0.816 0.006  0.203 0.008 -0.541 0.011  0.019 0.004
V10   0.966 70  54   0.024 10 172  -0.990 18 265   0.978  11 29  111 167 63   79
PDEW 2021/07/04 01:29:16.0 -28.74  -71.48  22.0 0.0 6.0 NEAR COAST OF CENTRAL CH
C202107040129A   B:158  321  40 S:167  361  50 M:132  184 125 CMT: 1 TRIHD:  2.5
CENTROID:      3.5 0.1 -28.79 0.01  -71.60 0.01  20.8  0.3 FREE S-20210928205513
25  0.792 0.009  0.015 0.006 -0.807 0.008 -0.012 0.013 -1.100 0.024 -0.056 0.005
V10   1.353 63  89   0.017  2 182  -1.370 27 273   1.361   7 18   95 181 72   88
PDEW 2021/07/08 20:38:32.5 -28.75  -71.60  20.1 0.0 5.4 NEAR COAST OF CENTRAL CH
C202107082038A   B:127  191  40 S:141  252  50 M:  0    0   0 CMT: 1 TRIHD:  1.3
CENTROID:      5.7 0.1 -28.88 0.01  -71.68 0.01  32.7  0.5 FREE S-20210928213153
24  1.420 0.031  0.093 0.019 -1.510 0.023  0.544 0.024 -1.370 0.035  0.255 0.014
V10   2.050 67  58   0.091  7 165  -2.138 22 258   2.094   2 24  108 162 68   82
PDEW 2021/07/31 12:14:25.4 -32.68  -71.76  25.7 0.0 4.8 NEAR COAST OF CENTRAL CH
C202107311214A   B: 43   46  40 S: 58   73  50 M:  0    0   0 CMT: 1 TRIHD:  0.9
CENTROID:      5.6 0.3 -32.75 0.02  -71.96 0.03  33.0  1.2 FREE S-20210930202527
23  5.930 0.322  1.130 0.225 -7.060 0.245  0.354 0.259 -3.270 0.299  1.050 0.118
V10   6.709 77  85   1.262  1 353  -7.971 13 263   7.340 352 32   89 173 58   91
PDEW 2021/08/25 00:28:32.5 -27.49  -69.24  96.8 0.0 5.1 NORTHERN CHILE          
C202108250028A   B: 74   91  40 S:118  182  50 M:  0    0   0 CMT: 1 TRIHD:  0.8
CENTROID:      4.1 0.2 -27.48 0.01  -69.40 0.02 105.6  1.5 FREE S-20211030031853
23 -4.800 0.078  1.380 0.113  3.420 0.137 -0.144 0.075  1.080 0.108 -2.450 0.085
V10   5.150  6 237  -0.206  6 327  -4.945 82 103   5.048 320 40  -99 152 51  -83
PDEW 2021/09/01 18:35:45.9 -27.73  -71.11  28.0 0.0 5.6 NEAR COAST OF NORTHERN C
C202109011835A   B:142  290  40 S:142  277  50 M:  0    0   0 CMT: 1 TRIHD:  1.7
CENTROID:      4.8 0.1 -27.80 0.01  -71.35 0.01  42.4  0.5 FREE S-20211129193745
24  3.160 0.040  0.421 0.032 -3.580 0.036  0.941 0.037 -2.600 0.051 -0.311 0.027
V10   4.300 67  52   0.168 14 175  -4.466 19 270   4.383  21 29  119 169 65   75
PDEW 2021/09/14 01:56:35.8 -31.70  -71.96  13.3 0.0 4.8 NEAR COAST OF CENTRAL CH
C202109140156A   B: 27   34  40 S: 75   96  50 M:  0    0   0 CMT: 1 TRIHD:  0.9
CENTROID:      3.8 0.4 -31.79 0.03  -72.08 0.04  27.4  1.2 FREE S-20220112104507
23  4.670 0.293 -1.090 0.163 -3.580 0.184  0.257 0.277 -3.740 0.266  0.709 0.087
V10   6.113 69  90  -0.950  4 350  -5.163 21 259   5.638 342 25   81 172 66   94
PDEW 2021/09/15 08:46:59.8 -32.11  -72.25  10.8 0.0 4.9 OFF COAST OF CENTRAL CHI
C202109150846A   B: 40   43  40 S: 99  134  50 M:  0    0   0 CMT: 1 TRIHD:  0.8
CENTROID:      4.7 0.3 -32.25 0.02  -72.26 0.03  18.3  1.2 FREE S-20211129220437
23  3.140 0.184 -0.444 0.097 -2.700 0.126  0.582 0.215 -4.340 0.383  0.286 0.068
V10   5.475 62  82  -0.408  0 173  -5.071 28 263   5.273 353 17   91 172 73   90
PDEW 2021/09/20 13:12:03.7 -36.76  -73.99   5.2 0.0 5.1 NEAR COAST OF CENTRAL CH
C202109201312A   B: 53   69  40 S:107  149  50 M:  0    0   0 CMT: 1 TRIHD:  0.9
CENTROID:      4.7 0.2 -36.85 0.02  -74.20 0.02  19.4  0.8 FREE S-20211129224453
23  4.230 0.168 -0.239 0.090 -3.990 0.123 -0.750 0.189 -4.350 0.272 -0.223 0.073
V10   6.161 66 103  -0.251  3   7  -5.909 23 276   6.035 359 22   82 188 69   93
PDEW 2021/09/21 13:14:32.0 -36.78  -73.93  18.8 0.0 6.4 NEAR COAST OF CENTRAL CH
C202109211314A   B:158  374  40 S:163  403  50 M:154  276 125 CMT: 1 TRIHD:  3.9
CENTROID:     13.7 0.0 -36.82 0.00  -74.28 0.00  12.0  0.0 FIX  S-20211129231651
25  2.670 0.010  0.033 0.009 -2.700 0.011 -0.829 0.028 -4.390 0.028 -0.400 0.009
V10   5.186 61 102   0.086  1  10  -5.269 29 279   5.227   6 16   86 190 74   91
PDEW 2021/09/22 17:42:02.1 -36.83  -74.14  10.0 0.0 4.9 OFF COAST OF CENTRAL CHI
C202109221742A   B: 36   41  40 S: 73  100  50 M:  0    0   0 CMT: 1 TRIHD:  0.8
CENTROID:      5.4 0.3 -36.85 0.02  -74.27 0.02  23.0  1.1 FREE S-20220112204618
23  3.410 0.230 -0.231 0.117 -3.180 0.146 -0.870 0.157 -1.820 0.182  0.065 0.075
V10   4.051 72 129  -0.396 10   5  -3.656 15 273   3.854 348 32   70 191 61  102
PDEW 2021/09/29 07:53:56.1 -33.16  -68.18  10.0 0.0 4.8 MENDOZA PROVINCE, ARGENT
C202109290753A   B: 34   40  40 S: 54   68  50 M:  0    0   0 CMT: 1 TRIHD:  0.8
CENTROID:      3.9 0.4 -33.33 0.03  -68.15 0.04  27.9  1.5 FREE S-20220112225012
23  3.060 0.208 -0.145 0.134 -2.910 0.142 -0.184 0.304  2.360 0.247 -0.556 0.098
V10   3.912 70 255  -0.117  7   5  -3.790 19  98   3.851 200 27  106   2 64   82
PDEW 2021/10/04 12:36:16.4 -31.69  -72.11  16.5 0.0 4.6 OFF COAST OF CENTRAL CHI
C202110041236A   B: 28   30  40 S: 61   77  50 M:  0    0   0 CMT: 1 TRIHD:  0.8
CENTROID:      4.8 0.4 -31.72 0.02  -72.15 0.03  30.1  1.1 FREE S-20220127115129
23  4.370 0.279 -0.561 0.146 -3.810 0.176  0.382 0.191 -2.330 0.232  0.855 0.085
V10   4.991 75  84  -0.355  2 347  -4.637 15 257   4.814 344 30   87 168 60   92
PDEW 2021/10/13 07:55:29.2 -50.32  -72.25  10.0 0.0 5.4 S. CHILE-ARGENTINA BORDE
C202110130755A   B:101  156  40 S:142  266  50 M:  0    0   0 CMT: 1 TRIHD:  1.3
CENTROID:      4.0 0.1 -50.40 0.01  -72.33 0.01  12.0  0.0 FIX  S-20211229213621
24  1.200 0.023  0.635 0.021 -1.830 0.023  0.631 0.058 -0.359 0.055 -0.768 0.017
V10   1.758 52  19   0.306 38 193  -2.059  3 285   1.909  48 53  140 165 59   44
PDEW 2021/10/18 18:32:15.7 -45.68  -77.10  10.0 0.0 4.7 OFF COAST OF SOUTHERN CH
C202110181832A   B: 39   56  40 S:120  182  50 M:  0    0   0 CMT: 1 TRIHD:  0.8
CENTROID:     -0.3 0.2 -45.73 0.01  -77.41 0.02  16.7  1.1 FREE S-20211229221602
23  0.099 0.112  1.840 0.111 -1.940 0.104 -0.591 0.271 -0.474 0.258 -3.880 0.094
V10   4.281  3 212   0.196 80 101  -4.478  9 302   4.379 347 81   -4  77 86 -171
PDEW 2021/10/18 22:23:37.1 -45.68  -77.05  10.0 0.0 5.1 OFF COAST OF SOUTHERN CH
C202110182223A   B: 67   87  40 S:126  209  50 M:  0    0   0 CMT: 1 TRIHD:  0.9
CENTROID:      2.3 0.2 -45.73 0.01  -77.36 0.01  12.4  1.1 FREE S-20211229221737
23  0.254 0.101  1.800 0.098 -2.050 0.104 -0.646 0.256 -1.410 0.297 -4.940 0.104
V10   5.191  3  35   0.625 75 137  -5.812 14 304   5.502  80 78 -172 349 82  -12
PDEW 2021/11/03 03:17:48.6 -32.70  -70.06 100.2 0.0 5.7 CHILE-ARGENTINA BORDER R
C202111030317A   B:147  265  40 S:154  323  50 M:  0    0   0 CMT: 1 TRIHD:  1.7
CENTROID:      2.6 0.1 -32.88 0.01  -69.91 0.01 117.3  0.9 FREE S-20220129195935
24 -1.720 0.049 -0.906 0.054  2.620 0.063  1.880 0.032 -3.330 0.040 -0.058 0.050
V10   4.598 30  78  -0.282 18 337  -4.322 54 221   4.460 209 22  -36 333 77 -108
PDEW 2021/11/08 06:16:27.3 -33.99  -73.34  10.0 0.0 4.7 OFF COAST OF CENTRAL CHI
C202111080616A   B: 39   49  40 S:104  153  50 M:  0    0   0 CMT: 1 TRIHD:  0.8
CENTROID:      5.2 0.2 -34.06 0.02  -73.48 0.03  17.2  0.8 FREE S-20220129203050
23 -3.630 0.162  1.810 0.097  1.820 0.110  1.600 0.255  0.966 0.244  1.570 0.057
V10   3.829 14 317   0.286  5  48  -4.115 75 158   3.972  39 32 -100 231 59  -84
PDEW 2021/11/27 22:44:48.1 -27.83  -71.10  33.1 0.0 4.8 NEAR COAST OF NORTHERN C
C202111272244A   B: 35   37  40 S: 57   74  50 M:  0    0   0 CMT: 1 TRIHD:  0.7
CENTROID:      2.9 0.4 -27.93 0.03  -71.12 0.03  39.8  0.9 FREE S-20220309113334
23  3.720 0.206 -0.431 0.122 -3.290 0.130 -0.195 0.093  0.956 0.111  0.559 0.066
V10   3.851 82 258  -0.326  0 349  -3.527  8  79   3.689 170 37   90 349 53   90
PDEW 2021/12/01 04:39:25.1 -37.92  -73.61  15.7 0.0 5.1 NEAR COAST OF CENTRAL CH
C202112010439A   B:103  150  40 S:118  173  50 M:  0    0   0 CMT: 1 TRIHD:  0.9
CENTROID:      2.3 0.2 -38.02 0.01  -73.66 0.01  21.5  0.4 FREE S-20220228193246
23 -5.750 0.126  2.100 0.081  3.650 0.096  0.230 0.128 -4.820 0.174 -0.999 0.062
V10   5.947 22  74   1.838  7 167  -7.785 67 273   6.866 152 24 -107 350 67  -83
PDEW 2021/12/11 14:54:19.1 -29.53  -71.30  45.0 0.0 5.7 NEAR COAST OF CENTRAL CH
C202112111454A   B:136  236  40 S:141  244  50 M:  0    0   0 CMT: 1 TRIHD:  1.7
CENTROID:      4.6 0.1 -29.55 0.01  -71.43 0.01  49.2  0.5 FREE S-20220228214718
24  3.630 0.045  0.375 0.039 -4.010 0.042  0.830 0.036 -0.806 0.049 -0.365 0.033
V10   3.925 75  25   0.182 14 182  -4.112  6 274   4.018  19 41  112 171 52   72
PDEW 2022/02/28 01:15:16.6 -36.98  -73.99   9.9 0.0 5.7 NEAR COAST OF CENTRAL CH
C202202280115A   B:130  229  40 S:144  279  50 M:  0    0   0 CMT: 1 TRIHD:  1.6
CENTROID:      5.1 0.1 -37.07 0.01  -73.99 0.01  12.7  0.4 FREE S-20220502010554
24  1.970 0.028  0.100 0.019 -2.070 0.025 -0.289 0.054 -3.050 0.125 -0.209 0.017
V10   3.615 62  95   0.120  0 185  -3.735 28 275   3.675   5 17   90 185 73   90
PDEW 2022/03/06 09:35:07.1 -28.54  -68.71 105.2 0.0 5.5 LA RIOJA PROVINCE, ARGEN
C202203060935A   B:139  228  40 S:132  245  50 M:  0    0   0 CMT: 1 TRIHD:  1.4
CENTROID:      4.8 0.1 -28.59 0.01  -68.77 0.01 115.9  0.8 FREE S-20220529212805
24 -2.210 0.025  0.456 0.033  1.760 0.036 -0.608 0.022  0.316 0.029 -1.390 0.027
V10   2.715  7 237  -0.367 10 146  -2.342 78   1   2.529 338 39  -74 138 53 -103
PDEW 2022/04/01 11:28:04.3 -31.42  -67.99 107.6 0.0 5.1 SAN JUAN PROVINCE, ARGEN
C202204011128A   B: 97  133  40 S:125  215  50 M:  0    0   0 CMT: 1 TRIHD:  1.0
CENTROID:      2.8 0.2 -31.39 0.01  -67.97 0.01 117.2  1.2 FREE S-20220629203832
24 -0.737 0.012 -0.123 0.014  0.861 0.016 -0.134 0.010  0.052 0.014  0.283 0.015
V10   0.937  1 285  -0.163 14 195  -0.773 76  17   0.855  29 46  -70 181 47 -109
PDEW 2022/04/03 05:16:36.8 -31.48  -67.07 116.6 0.0 5.1 SAN JUAN PROVINCE, ARGEN
C202204030516A   B: 71   88  40 S:119  180  50 M:  0    0   0 CMT: 1 TRIHD:  0.9
CENTROID:      2.7 0.2 -31.54 0.01  -67.07 0.01 136.3  1.6 FREE S-20220629205710
23 -4.160 0.101 -0.743 0.106  4.900 0.126  1.360 0.078 -2.380 0.106  1.290 0.130
V10   5.628 12  99  -0.295 21   4  -5.335 65 217   5.482 214 38  -53 351 61 -115
PDEW 2022/04/16 17:10:34.4 -33.99  -72.36  11.1 0.0 5.0 OFF COAST OF CENTRAL CHI
C202204161710A   B: 56   69  40 S: 93  135  50 M:  0    0   0 CMT: 1 TRIHD:  0.8
CENTROID:      5.1 0.2 -33.94 0.01  -72.37 0.02  21.7  0.8 FREE S-20220629231456
23  3.690 0.148 -0.094 0.088 -3.600 0.102 -0.164 0.139 -3.620 0.187 -0.176 0.061
V10   5.184 68  92  -0.085  0 183  -5.102 22 273   5.143   3 23   90 183 67   90
PDEW 2022/04/24 14:45:06.2 -35.23  -71.30  89.7 0.0 5.0 CENTRAL CHILE           
C202204241445A   B: 48   50  40 S:105  136  50 M:  0    0   0 CMT: 1 TRIHD:  0.7
CENTROID:      3.6 0.2 -35.24 0.02  -71.16 0.03  99.5  3.2 FREE S-20220630004450
23 -2.040 0.105  1.290 0.118  0.754 0.152 -0.776 0.066 -1.820 0.090 -1.690 0.101
V10   2.824  9  45   0.588 34 141  -3.408 55 303   3.116 102 47 -140 342 62  -51
PDEW 2022/05/04 03:45:57.8 -32.24  -71.95  11.0 0.0 4.9 NEAR COAST OF CENTRAL CH
C202205040345A   B: 52   75  40 S: 88  134  50 M:  0    0   0 CMT: 1 TRIHD:  0.8
CENTROID:      6.1 0.2 -32.20 0.01  -72.01 0.02  32.2  0.8 FREE S-20220729205155
23  3.280 0.133  0.193 0.085 -3.470 0.096 -1.350 0.116 -1.170 0.132 -0.805 0.062
V10   3.881 70 160   0.053 16  18  -3.931 12 285   3.906 355 36   62 208 58  109
PDEW 2022/05/04 06:54:13.6 -32.25  -71.95  23.3 0.0 4.8 NEAR COAST OF CENTRAL CH
C202205040654A   B: 53   67  40 S: 97  138  50 M:  0    0   0 CMT: 1 TRIHD:  0.8
CENTROID:      3.2 0.2 -32.31 0.01  -72.02 0.02  34.6  0.9 FREE S-20220729205246
23  3.650 0.163 -0.058 0.093 -3.590 0.116 -1.490 0.103 -2.500 0.148 -0.988 0.072
V10   4.709 70 133   0.081  8  21  -4.788 19 288   4.749   4 27   72 205 64   99
PDEW 2022/05/04 11:59:34.8 -32.22  -71.83  20.4 0.0 5.2 NEAR COAST OF CENTRAL CH
C202205041159A   B: 99  150  40 S:116  195  50 M:  0    0   0 CMT: 1 TRIHD:  1.1
CENTROID:      4.3 0.1 -32.29 0.01  -71.99 0.01  31.7  0.7 FREE S-20220729205517
24  0.624 0.015  0.056 0.010 -0.680 0.012 -0.367 0.016 -0.644 0.022 -0.188 0.008
V10   0.972 64 133   0.065 10  22  -1.037 24 288   1.004 359 23   65 206 69  100
PDEW 2022/05/04 12:48:20.1 -32.22  -72.03   8.5 0.0 5.1 OFF COAST OF CENTRAL CHI
C202205041248A   B: 75  101  40 S:101  158  50 M:  0    0   0 CMT: 1 TRIHD:  0.9
CENTROID:      6.0 0.2 -32.26 0.01  -72.06 0.01  32.4  0.5 FREE S-20220729205345
23  4.900 0.144  0.187 0.090 -5.090 0.104 -1.340 0.108 -2.370 0.129 -0.726 0.072
V10   5.678 73 137   0.115 10  12  -5.795 13 280   5.736 357 33   72 198 59  101
PDEW 2022/05/05 21:05:26.9 -33.10  -73.01  28.8 0.0 5.1 OFF COAST OF CENTRAL CHI
C202205052105A   B: 54   62  40 S: 81  113  50 M:  0    0   0 CMT: 1 TRIHD:  0.9
CENTROID:      4.0 0.3 -33.14 0.02  -73.07 0.02  37.9  0.8 FREE S-20220907211414
23  6.400 0.304 -0.968 0.187 -5.440 0.211 -2.300 0.170  1.520 0.212 -1.900 0.111
V10   7.372 70 208  -1.206 19  18  -6.174  3 109   6.773 218 45  118   1 51   65
PDEW 2022/05/20 09:07:47.0 -29.53  -72.00  19.6 0.0 5.7 OFF COAST OF CENTRAL CHI
C202205200907A   B:134  236  40 S:150  289  50 M:  0    0   0 CMT: 1 TRIHD:  1.9
CENTROID:      6.7 0.1 -29.56 0.01  -71.99 0.01  36.3  0.8 FREE S-20220729234002
24  2.610 0.048  1.360 0.042 -3.970 0.050 -0.248 0.058 -4.440 0.115  0.029 0.035
V10   4.862 63  98   1.345  3   2  -6.207 27 271   5.534 353 18   80 183 72   93
PDEW 2022/05/24 03:47:39.4 -28.14  -70.88  47.1 0.0 4.7 CENTRAL CHILE           
C202205240347A   B: 22   22  40 S: 70   91  50 M:  0    0   0 CMT: 1 TRIHD:  0.7
CENTROID:      4.2 0.4 -28.06 0.02  -71.01 0.03  88.7  5.1 FREE S-20220730001352
23  0.629 0.144  1.790 0.124 -2.420 0.159  0.115 0.073 -1.780 0.092 -0.800 0.113
V10   2.150 26  21   1.179 54 152  -3.330 24 278   2.740  59 54  178 150 89   36
PDEW 2022/06/18 18:24:12.1 -33.50  -69.55 142.8 0.0 5.1 CHILE-ARGENTINA BORDER R
C202206181824A   B: 80  103  40 S:130  196  50 M:  0    0   0 CMT: 1 TRIHD:  0.9
CENTROID:      3.5 0.2 -33.52 0.01  -69.41 0.02 148.2  1.3 FREE S-20220829232603
23 -3.810 0.114  5.710 0.136 -1.900 0.160 -2.590 0.098 -2.020 0.111 -0.765 0.156
V10   6.377 14 182  -0.690 29  84  -5.687 57 294   6.032 305 40  -41  69 65 -122
PDEW 2022/06/21 08:09:59.2 -28.05  -69.33  10.0 0.0 4.8 CHILE-ARGENTINA BORDER R
C202206210809A   B: 21   21  40 S:103  132  50 M:  0    0   0 CMT: 1 TRIHD:  0.9
CENTROID:      1.6 0.3 -28.11 0.02  -69.11 0.02  22.5  1.8 FREE S-20220830000308
23  0.322 0.305  1.840 0.203 -2.160 0.297  2.000 0.339  1.980 0.440  4.210 0.188
V10   5.871 26 326  -0.965 62 165  -4.904  8  60   5.387 106 66   14  10 77  155
PDEW 2022/06/25 03:54:51.1 -29.52  -71.51  73.3 0.0 5.1 NEAR COAST OF CENTRAL CH
C202206250354A   B: 18   20  40 S: 70   86  50 M:  0    0   0 CMT: 1 TRIHD:  0.8
CENTROID:      2.7 0.4 -29.75 0.03  -71.65 0.03  60.2  2.8 FREE S-20221004205426
23 -0.967 0.352  3.890 0.219 -2.930 0.332 -0.123 0.095 -3.080 0.141  1.270 0.182
V10   4.231 10 166   1.043 53  63  -5.281 35 263   4.756 298 58  -20  39 73 -147
PDEW 2022/07/06 15:12:28.6 -42.30  -75.36  10.0 0.0 5.5 OFF COAST OF SOUTHERN CH
C202207061512A   B:129  211  40 S:165  348  50 M:  0    0   0 CMT: 1 TRIHD:  1.3
CENTROID:      3.1 0.1 -42.40 0.01  -75.55 0.01  12.0  0.0 FIX  S-20220928212144
24 -2.030 0.017  0.176 0.016  1.860 0.018  0.439 0.045  0.199 0.047  0.622 0.015
V10   2.091  5 289   0.031 10  20  -2.116 79 174   2.103   9 41 -105 208 50  -78
PDEW 2022/07/13 21:21:29.5 -33.22  -73.18  22.0 0.0 5.0 OFF COAST OF CENTRAL CHI
C202207132121A   B: 32   38  40 S: 85  114  50 M:  0    0   0 CMT: 1 TRIHD:  0.8
CENTROID:      4.6 0.3 -33.33 0.02  -73.13 0.04  19.3  1.0 FREE S-20220928224401
23 -3.270 0.196  0.979 0.105  2.300 0.155  2.310 0.228  0.797 0.266  1.310 0.074
V10   3.677 17 309   0.623 16  44  -4.291 67 175   3.984  17 32 -121 232 63  -72
PDEW 2022/11/13 02:24:02.0 -37.55  -73.77  29.5 0.0 5.7 NEAR COAST OF CENTRAL CH
C202211130224A   B: 54   60  40 S: 94  157  50 M: 21   22 125 CMT: 1 TRIHD:  2.8
CENTROID:      9.1 0.2 -37.37 0.01  -73.46 0.02  29.0  0.8 FREE Q-20221114103938
25 -1.200 0.045  0.555 0.035  0.641 0.040  0.392 0.048 -1.900 0.077  0.495 0.018
V10   1.868 30 101   0.635 15   3  -2.507 56 250   2.187 229 20  -42 359 77 -105
PDEW 2022/08/08 03:44:54.6 -32.67  -71.97  15.4 0.0 4.7 NEAR COAST OF CENTRAL CH
C202208080344A   B: 31   35  40 S: 82  118  50 M:  0    0   0 CMT: 1 TRIHD:  0.7
CENTROID:      5.7 0.3 -32.77 0.02  -71.90 0.02  22.4  1.2 FREE S-20221029213456
23  2.570 0.204  0.800 0.101 -3.370 0.141 -0.282 0.156 -1.850 0.177  0.757 0.065
V10   3.197 69 125   0.791 13 356  -3.988 15 262   3.593 333 32   64 183 62  105
PDEW 2022/08/18 02:10:22.8 -34.37  -70.61 107.0 0.0 5.3 CHILE-ARGENTINA BORDER R
C202208180210A   B:116  189  40 S:141  261  50 M:  0    0   0 CMT: 1 TRIHD:  1.1
CENTROID:      2.8 0.1 -34.42 0.01  -70.50 0.01 114.7  0.9 FREE S-20221029232945
24 -0.747 0.017 -0.080 0.021  0.827 0.023 -0.440 0.012 -0.887 0.015  0.314 0.018
V10   1.378 25 110  -0.161  6 203  -1.217 64 305   1.298 187 21 -107  25 70  -84
PDEW 2022/09/23 22:53:26.2 -41.38  -75.58  10.0 0.0 6.1 OFF COAST OF SOUTHERN CH
C202209232253A   B:162  383  40 S:169  382  50 M:134  229 125 CMT: 1 TRIHD:  2.7
CENTROID:      5.4 0.1 -41.44 0.00  -75.62 0.00  31.6  0.2 FREE S-20221129235451
25  1.500 0.009  0.169 0.007 -1.670 0.008 -0.590 0.012  0.055 0.013  0.337 0.006
V10   1.725 69 177   0.012 21 348  -1.738  3  79   1.732 190 46  120 330 51   63
PDEW 2022/09/28 15:13:46.7 -45.81  -75.93  10.0 0.0 4.6 OFF COAST OF SOUTHERN CH
C202209281513A   B: 27   32  40 S:117  168  50 M:  0    0   0 CMT: 1 TRIHD:  0.8
CENTROID:      3.0 0.2 -45.83 0.01  -76.24 0.02  19.6  1.3 FREE S-20221130012343
23  0.071 0.130  1.640 0.113 -1.710 0.112 -0.862 0.219 -1.770 0.267 -3.460 0.111
V10   3.823  4  33   0.864 67 132  -4.686 22 302   4.254  80 72 -166 345 77  -19
PDEW 2022/09/30 06:15:47.2 -45.77  -76.12  10.0 0.0 5.3 OFF COAST OF SOUTHERN CH
C202209300615A   B: 84  137  40 S:139  265  50 M:  0    0   0 CMT: 1 TRIHD:  1.0
CENTROID:      2.3 0.1 -45.89 0.01  -76.27 0.01  12.2  0.8 FREE S-20221130193344
24  0.022 0.013  0.447 0.013 -0.469 0.015 -0.173 0.035 -0.199 0.037 -0.820 0.013
V10   0.931  3 210   0.085 76 107  -1.015 14 301   0.973 345 78   -8  76 82 -168
PDEW 2022/10/10 11:19:02.3 -29.78  -71.65  32.8 0.0 4.8 NEAR COAST OF CENTRAL CH
C202210101119A   B: 37   39  40 S: 55   68  50 M:  0    0   0 CMT: 1 TRIHD:  0.7
CENTROID:      3.9 0.4 -29.77 0.03  -71.63 0.03  34.7  1.2 FREE S-20230126124147
23  3.070 0.199 -0.417 0.121 -2.650 0.125  0.708 0.109 -2.020 0.150  0.364 0.073
V10   3.788 71  65  -0.386  4 167  -3.399 18 259   3.593 355 27   99 165 63   85
PDEW 2022/10/18 07:35:33.8 -30.69  -71.43  49.5 0.0 5.0 NEAR COAST OF CENTRAL CH
C202210180735A   B: 61   74  40 S: 80  108  50 M:  0    0   0 CMT: 1 TRIHD:  0.9
CENTROID:      3.4 0.2 -30.84 0.01  -71.44 0.02  43.5  1.2 FREE S-20221229222154
23  4.850 0.190  0.502 0.126 -5.350 0.135  0.737 0.105 -2.610 0.178  1.330 0.077
V10   5.513 76  69   0.785  2 167  -6.296 14 257   5.904 350 31   94 166 59   88
PDEW 2022/11/05 07:57:21.4 -35.55  -73.69  21.1 0.0 5.0 OFF COAST OF CENTRAL CHI
C202211050757A   B: 45   58  40 S:103  150  50 M:  0    0   0 CMT: 1 TRIHD:  0.8
CENTROID:      3.4 0.2 -35.62 0.01  -73.85 0.02  20.3  1.2 FREE S-20230129201402
23  0.721 0.143 -3.280 0.109  2.560 0.121 -2.110 0.225 -0.785 0.218  1.840 0.080
V10   3.776 27 113   0.697 55 250  -4.472 20  12   4.124 151 56  175 244 86   34
PDEW 2022/11/05 12:12:40.1 -33.38  -68.57  36.3 0.0 5.1 MENDOZA PROVINCE, ARGENT
C202211051212A   B: 74   94  40 S: 97  139  50 M:  0    0   0 CMT: 1 TRIHD:  0.9
CENTROID:      4.7 0.2 -33.54 0.01  -68.60 0.02  40.6  0.7 FREE S-20230129201351
23  5.180 0.180  0.668 0.117 -5.850 0.122 -1.630 0.096  0.288 0.138 -0.300 0.097
V10   5.719 72 186   0.147 18   2  -5.868  1  92   5.793 200 47  115 345 49   66
PDEW 2022/11/08 08:51:16.1 -33.67  -70.74  89.7 0.0 5.0 CHILE-ARGENTINA BORDER R
C202211080851A   B: 51   63  40 S:112  169  50 M:  0    0   0 CMT: 1 TRIHD:  0.8
CENTROID:      4.1 0.2 -33.62 0.01  -70.63 0.02 105.7  2.6 FREE S-20230129203320
23  1.190 0.143 -2.940 0.132  1.750 0.162 -2.700 0.072 -1.690 0.108  1.890 0.109
V10   4.564 40 121  -0.124 41 259  -4.440 23  11   4.502 148 43  164 250 79   48
PDEW 2022/11/13 02:24:57.8 -37.47  -73.68  18.0 0.0 6.2 NEAR COAST OF CENTRAL CH
C202211130224B   B:172  399  40 S:173  409  50 M:158  256 125 CMT: 1 TRIHD:  3.5
CENTROID:      5.1 0.0 -37.59 0.00  -73.68 0.00  20.6  0.2 FREE S-20230129214712
25  2.190 0.014 -0.017 0.009 -2.170 0.012 -0.055 0.019 -2.970 0.038  0.113 0.008
V10   3.697 63  93  -0.018  2 360  -3.676 27 269   3.686 354 18   84 180 72   92
PDEW 2022/11/20 22:17:39.0 -27.89  -66.59 152.2 0.0 4.9 CATAMARCA PROVINCE, ARGE
C202211202217A   B: 42   47  40 S:107  139  50 M:  0    0   0 CMT: 1 TRIHD:  0.8
CENTROID:      4.7 0.3 -27.91 0.02  -66.71 0.02 182.0  2.2 FREE S-20230129223426
23 -4.600 0.127  0.936 0.163  3.670 0.192  0.744 0.123 -1.100 0.152 -2.910 0.152
V10   5.689  7  58  -0.912  1 327  -4.772 83 233   5.230 148 38  -89 327 52  -91
PDEW 2022/11/23 08:53:12.4 -35.39  -71.36  82.5 0.0 4.9 CENTRAL CHILE           
C202211230853A   B: 30   30  40 S: 87  113  50 M:  0    0   0 CMT: 1 TRIHD:  0.8
CENTROID:      4.7 0.3 -35.50 0.02  -71.14 0.03  85.1  4.8 FREE S-20230223104243
23 -0.090 0.174 -1.130 0.173  1.220 0.223  0.265 0.088 -2.500 0.114  2.690 0.116
V10   3.999 27 116  -0.282 50 349  -3.717 27 222   3.858 259 50    0 169 90  140
PDEW 2022/12/09 08:06:27.4 -44.23  -79.05  10.0 0.0 5.1 OFF COAST OF SOUTHERN CH
C202212090806A   B: 48   63  40 S:129  196  50 M:  0    0   0 CMT: 1 TRIHD:  0.9
CENTROID:     -2.9 0.2 -44.66 0.01  -79.82 0.02  20.9  1.1 FREE S-20230228205709
23 -0.349 0.173  2.370 0.156 -2.030 0.147  0.541 0.241  1.440 0.259 -4.840 0.110
V10   5.505  3 213   0.065 74 315  -5.580 16 122   5.542 259 76 -171 167 81  -14
PDEW 2022/12/10 07:25:48.1 -33.65  -72.08  21.7 0.0 5.4 OFF COAST OF CENTRAL CHI
C202212100725A   B:119  197  40 S:130  224  50 M:  0    0   0 CMT: 1 TRIHD:  1.3
CENTROID:      5.1 0.1 -33.64 0.01  -72.11 0.01  24.2  0.5 FREE S-20230228205949
24  1.230 0.027  0.067 0.017 -1.300 0.022  0.003 0.024 -1.500 0.042 -0.204 0.013
V10   1.931 65  84   0.079  5 183  -2.013 25 276   1.972  16 21  103 182 70   85
PDEW 2022/12/23 20:03:51.6 -45.57  -76.74  10.0 0.0 5.2 OFF COAST OF SOUTHERN CH
C202212232003A   B: 83  140  40 S:138  251  50 M:  0    0   0 CMT: 1 TRIHD:  1.0
CENTROID:      2.0 0.1 -45.56 0.01  -76.94 0.01  12.0  0.0 FIX  S-20230228231627
24 -0.768 0.012  0.329 0.011  0.439 0.012  0.390 0.036  0.037 0.036 -0.585 0.010
V10   1.004  8  46  -0.073 23 312  -0.932 66 154   0.968 160 42  -55 296 57 -117
PDEW 2022/12/30 05:19:18.6 -45.84  -76.40  12.9 0.0 5.3 OFF COAST OF SOUTHERN CH
C202212300519A   B: 99  154  40 S:150  279  50 M:  0    0   0 CMT: 1 TRIHD:  1.1
CENTROID:      0.6 0.1 -45.97 0.01  -76.63 0.01  12.0  0.0 FIX  S-20230301193120
24 -0.340 0.014  0.668 0.012 -0.328 0.016  0.045 0.033 -0.276 0.037 -0.813 0.011
V10   1.144  7  30  -0.269 66 136  -0.875 23 297   1.010  76 69 -168 342 79  -21
PDEW 2023/01/12 06:19:10.1 -30.62  -71.38  49.0 0.0 5.5 NEAR COAST OF CENTRAL CH
C202301120619A   B:137  233  40 S:138  243  50 M:  0    0   0 CMT: 1 TRIHD:  1.5
CENTROID:      4.6 0.1 -30.77 0.01  -71.50 0.01  61.0  0.7 FREE S-20230331222009
24  2.530 0.035  0.611 0.031 -3.140 0.034  0.295 0.025 -1.200 0.035  0.662 0.027
V10   2.785 78  68   0.721  2 170  -3.505 12 260   3.145 353 34   94 168 57   87
PDEW 2023/02/05 01:02:45.8 -29.65  -71.25  70.2 0.0 5.5 NEAR COAST OF CENTRAL CH
C202302050102A   B:135  209  40 S:132  229  50 M:  0    0   0 CMT: 1 TRIHD:  1.4
CENTROID:      2.7 0.1 -29.60 0.01  -71.31 0.01  74.3  0.8 FREE S-20230501212637
24 -2.440 0.035  0.324 0.031  2.120 0.035 -0.588 0.023  0.416 0.035  0.751 0.027
V10   2.400  2 289   0.231 14 199  -2.627 75  28   2.514  34 45  -69 186 49 -109
PDEW 2023/02/23 10:23:36.0 -33.90  -73.26  10.0 0.0 5.5 OFF COAST OF CENTRAL CHI
C202302231023A   B:119  195  40 S:158  298  50 M:  0    0   0 CMT: 1 TRIHD:  1.3
CENTROID:      5.9 0.1 -34.01 0.01  -73.38 0.01  12.0  0.0 FIX  S-20230502004945
24 -1.640 0.016  0.425 0.013  1.220 0.018  0.421 0.039  0.476 0.043  0.841 0.012
V10   1.865 10 303  -0.102  3  33  -1.758 79 141   1.812  29 35  -96 216 55  -86
PDEW 2023/03/06 07:34:51.3 -29.65  -71.52  59.3 0.0 5.0 NEAR COAST OF CENTRAL CH
C202303060734A   B: 32   36  40 S: 83  112  50 M:  0    0   0 CMT: 1 TRIHD:  0.7
CENTROID:      3.0 0.3 -29.82 0.02  -71.48 0.02  94.7  4.6 FREE S-20230710223450
23 -0.240 0.152 -0.510 0.144  0.750 0.185 -0.344 0.064 -2.910 0.081 -0.092 0.115
V10   3.213 40  93  -0.470  5 187  -2.743 49 283   2.978 141  7 -136   7 85  -85
PDEW 2023/03/11 02:35:28.4 -45.66  -77.32  10.0 0.0 5.2 OFF COAST OF SOUTHERN CH
C202303110235A   B: 72   98  40 S:136  237  50 M:  0    0   0 CMT: 1 TRIHD:  1.0
CENTROID:      3.1 0.2 -45.69 0.01  -77.53 0.01  21.0  0.9 FREE S-20230529222639
23 -1.240 0.183  3.060 0.146 -1.830 0.156 -0.357 0.247 -0.916 0.276 -6.980 0.121
V10   8.017  1  35  -1.087 80 134  -6.940 10 305   7.479  81 82 -174 350 84   -8
PDEW 2023/03/13 22:50:44.5 -28.18  -67.50 128.6 0.0 5.2 LA RIOJA PROVINCE, ARGEN
C202303132250A   B: 95  141  40 S:131  202  50 M:  0    0   0 CMT: 1 TRIHD:  1.0
CENTROID:      3.1 0.1 -28.10 0.01  -67.46 0.01 149.0  1.1 FREE S-20230529224910
24 -0.504 0.013 -0.288 0.015  0.792 0.017 -0.154 0.010 -0.583 0.013 -0.037 0.015
V10   1.016 21  91  -0.238 16 187  -0.778 63 312   0.897 154 28 -127  14 68  -72
PDEW 2023/03/14 19:56:39.2 -38.38  -75.27   8.0 0.0 5.5 OFF COAST OF CENTRAL CHI
C202303141956A   B:123  204  40 S:157  304  50 M:  0    0   0 CMT: 1 TRIHD:  1.4
CENTROID:      4.2 0.1 -38.56 0.01  -75.44 0.01  12.0  0.0 FIX  S-20230529225311
24 -2.370 0.021  0.041 0.019  2.320 0.022  0.354 0.065 -0.734 0.063  0.590 0.019
V10   2.546  7 102   0.003 12  11  -2.558 76 224   2.552 205 39  -71   2 53 -104
PDEW 2023/03/30 17:33:08.5 -35.67  -73.50  26.0 0.0 6.3 OFF COAST OF CENTRAL CHI
C202303301733A   B:168  369  40 S:174  401  50 M:156  263 125 CMT: 1 TRIHD:  3.5
CENTROID:      9.5 0.0 -35.77 0.00  -73.70 0.00  12.0  0.0 FIX  S-20230530203238
25  1.920 0.008 -0.017 0.007 -1.900 0.009 -0.653 0.024 -3.100 0.024 -0.468 0.007
V10   3.683 61 101   0.092  1 192  -3.772 29 283   3.728  14 16   92 192 74   89
PDEW 2023/04/04 19:08:46.9 -27.43  -70.96  53.0 0.0 5.9 NEAR COAST OF NORTHERN C
C202304041908A   B:158  346  40 S:150  311  50 M:104  135 125 CMT: 1 TRIHD:  2.2
CENTROID:      3.6 0.1 -27.44 0.01  -70.91 0.01  59.8  0.6 FREE S-20230629205739
25 -0.390 0.006 -0.107 0.006  0.496 0.007 -0.109 0.005 -0.683 0.007  0.430 0.006
V10   1.031 25 113  -0.249 20  13  -0.782 57 250   0.906 240 27  -40   7 73 -111
PDEW 2023/04/27 06:07:13.4 -35.61  -71.30  85.9 0.0 5.0 CENTRAL CHILE           
C202304270607A   B: 58   71  40 S:101  146  50 M:  0    0   0 CMT: 1 TRIHD:  0.8
CENTROID:      4.3 0.2 -35.66 0.01  -71.32 0.02  98.9  2.7 FREE S-20230630004449
23 -1.850 0.105 -0.593 0.113  2.450 0.146 -1.120 0.053 -2.820 0.081  0.564 0.088
V10   4.065 27 104  -0.604  8 198  -3.455 62 304   3.760 174 20 -116  21 72  -81
PDEW 2023/06/17 22:31:37.5 -34.87  -70.98 105.2 0.0 4.8 CHILE-ARGENTINA BORDER R
C202306172231A   B: 37   40  40 S: 86  104  50 M:  0    0   0 CMT: 1 TRIHD:  0.7
CENTROID:      4.0 0.3 -34.96 0.02  -70.89 0.03 103.9  3.9 FREE S-20230902133542
23 -1.560 0.118  0.116 0.132  1.440 0.165 -1.000 0.062 -2.020 0.094  0.767 0.131
V10   2.924 27 115  -0.234  1 206  -2.694 63 298   2.809 203 18  -93  26 72  -89
PDEW 2023/07/09 17:11:33.8 -33.21  -70.33  99.0 0.0 5.7 CHILE-ARGENTINA BORDER R
C202307091711A   B:151  297  40 S:146  281  50 M:  0    0   0 CMT: 1 TRIHD:  1.6
CENTROID:      2.8 0.1 -33.22 0.01  -70.13 0.01 108.2  0.6 FREE S-20230928215803
24 -2.980 0.026 -0.026 0.030  3.000 0.035  0.168 0.022 -0.912 0.029 -1.250 0.029
V10   3.577  8  71  -0.468  3 161  -3.116 81 272   3.347 157 37  -95 343 53  -86
PDEW 2023/07/17 03:05:11.5 -38.19  -70.44 186.0 0.0 6.6 SOUTHERN ARGENTINA      
C202307170305A   B:164  447  50 S:165  425  50 M:162  383 125 CMT: 1 TRIHD:  5.3
CENTROID:      5.7 0.0 -38.18 0.00  -70.44 0.00 193.4  0.2 FREE S-20230928230137
26 -0.490 0.003  0.349 0.004  0.141 0.004 -0.440 0.003 -1.000 0.003  0.458 0.003
V10   1.294 30 130  -0.066 16  30  -1.228 55 276   1.261 260 21  -38  26 77 -107
PDEW 2023/08/30 14:17:08.1 -29.45  -71.35  43.1 0.0 5.3 NEAR COAST OF CENTRAL CH
C202308301417A   B: 98  149  40 S:118  202  50 M:  0    0   0 CMT: 1 TRIHD:  1.1
CENTROID:      4.6 0.1 -29.58 0.01  -71.48 0.01  48.0  1.0 FREE S-20231030202809
24  0.763 0.022  0.129 0.017 -0.893 0.018  0.546 0.015 -0.318 0.020  0.434 0.013
V10   1.079 61   4   0.101 25 149  -1.182 15 246   1.130   6 37  134 136 64   63
PDEW 2023/09/06 23:48:04.6 -30.27  -71.48  36.0 0.0 6.3 NEAR COAST OF CENTRAL CH
C202309062348A   B:160  395  40 S:158  372  50 M:154  280 125 CMT: 1 TRIHD:  3.4
CENTROID:      5.1 0.0 -30.34 0.00  -71.73 0.00  43.8  0.2 FREE S-20231129202448
25  2.920 0.014  0.050 0.011 -2.970 0.012  0.529 0.012 -1.350 0.017 -0.119 0.009
V10   3.305 75  52  -0.040  9 178  -3.265 12 270   3.285  12 34  107 172 58   79
PDEW 2023/09/11 13:37:08.7 -27.17  -71.18  21.0 0.0 5.5 NEAR COAST OF NORTHERN C
C202309111337A   B: 75   96  40 S:116  176  50 M:  0    0   0 CMT: 1 TRIHD:  1.5
CENTROID:      6.0 0.2 -27.18 0.01  -71.40 0.02  26.6  1.1 FREE S-20240109091549
24  1.280 0.064  0.225 0.038 -1.510 0.044  0.168 0.078 -2.420 0.133  0.125 0.023
V10   2.681 60  86   0.234  0 356  -2.920 30 266   2.801 356 15   90 176 75   90
PDEW 2023/09/15 18:07:39.5 -27.31  -71.57   8.0 0.0 5.7 NEAR COAST OF NORTHERN C
C202309151807A   B:129  248  40 S:158  335  50 M:  0    0   0 CMT: 1 TRIHD:  1.6
CENTROID:      6.4 0.1 -27.42 0.01  -71.70 0.01  12.0  0.0 FIX  S-20231129221048
24  2.330 0.020 -0.257 0.017 -2.070 0.020 -0.244 0.057 -3.100 0.054  0.027 0.016
V10   3.944 63  97  -0.267  2   3  -3.674 27 272   3.809 356 18   83 183 72   92
PDEW 2023/09/17 02:18:05.3 -37.71  -75.31  10.0 0.0 4.8 OFF COAST OF CENTRAL CHI
C202309170218A   B: 16   18  40 S: 67   83  50 M:  0    0   0 CMT: 1 TRIHD:  0.9
CENTROID:     -1.1 0.5 -37.70 0.04  -75.57 0.04  28.7  1.0 FREE S-20240110004913
24 -0.800 0.058  0.205 0.032  0.595 0.033  0.178 0.050 -0.022 0.040 -0.114 0.018
V10   0.629  3  74   0.201  9 343  -0.831 80 181   0.730 173 43  -76 335 49 -102
PDEW 2023/09/17 04:01:47.0 -29.43  -71.26  47.9 0.0 5.1 NEAR COAST OF CENTRAL CH
C202309170401A   B: 35   36  40 S: 86  118  50 M:  0    0   0 CMT: 1 TRIHD:  0.9
CENTROID:      3.6 0.3 -29.44 0.01  -71.55 0.03  78.5  4.0 FREE S-20231129222130
23 -1.100 0.275  0.928 0.220  0.175 0.297  3.210 0.112 -1.790 0.235  4.380 0.176
V10   5.216 13 323   1.047 52  70  -6.260 35 223   5.738   9 56 -163 269 76  -35
PDEW 2023/10/26 21:49:34.5 -28.70  -70.26 101.2 0.0 5.4 CENTRAL CHILE           
C202310262149A   B:133  240  40 S:148  283  50 M:  0    0   0 CMT: 1 TRIHD:  1.3
CENTROID:      5.5 0.1 -28.76 0.01  -70.26 0.01 106.3  0.8 FREE S-20231230001419
24  0.143 0.020 -0.771 0.025  0.629 0.027  1.170 0.014  1.270 0.018 -0.169 0.022
V10   1.847 43 291   0.055 22  44  -1.901 38 153   1.874 306 22  173  43 87   68
PDEW 2023/10/31 12:33:43.9 -28.74  -71.56  35.0 0.0 6.6 NEAR COAST OF CENTRAL CH
C202310311233A   B:165  427  50 S:156  386  50 M:159  340 125 CMT: 1 TRIHD:  5.1
CENTROID:      7.9 0.0 -28.83 0.00  -71.58 0.00  50.2  0.3 FREE S-20231231193155
26  0.640 0.004  0.174 0.003 -0.814 0.003 -0.568 0.005 -0.641 0.006 -0.212 0.003
V10   1.121 59 153   0.062 19  28  -1.183 23 289   1.152 346 27   44 215 71  110
PDEW 2023/11/06 13:51:10.8 -33.07  -71.96  30.9 0.0 5.1 NEAR COAST OF CENTRAL CH
C202311061351A   B: 72   91  40 S:101  134  50 M:  0    0   0 CMT: 1 TRIHD:  0.9
CENTROID:      4.3 0.2 -32.99 0.02  -72.08 0.02  30.0  0.6 FREE S-20240129200829
23  6.040 0.205  0.075 0.132 -6.110 0.143  1.380 0.197 -0.829 0.208 -0.666 0.098
V10   6.416 77  19  -0.192 13 185  -6.219  3 275   6.318  19 43  109 173 50   73
PDEW 2023/11/20 21:03:09.5 -30.78  -71.42  49.9 0.0 4.9 NEAR COAST OF CENTRAL CH
C202311202103A   B: 43   50  40 S: 64   81  50 M:  0    0   0 CMT: 1 TRIHD:  0.8
CENTROID:      3.3 0.3 -30.99 0.02  -71.55 0.04  47.0  1.7 FREE S-20240305150238
23  3.920 0.211 -0.146 0.148 -3.770 0.150  0.135 0.106 -2.020 0.196  1.580 0.095
V10   4.433 75 103   0.368  8 343  -4.797 13 251   4.615 331 33   76 167 58   99
PDEW 2023/12/06 01:58:43.8 -44.29  -78.35  10.0 0.0 5.0 OFF COAST OF SOUTHERN CH
C202312060158A   B: 35   39  40 S:115  174  50 M:  0    0   0 CMT: 1 TRIHD:  0.7
CENTROID:     -0.2 0.2 -44.62 0.01  -78.92 0.02  12.0  0.0 FIX  S-20240228213920
23 -0.378 0.086  1.830 0.079 -1.450 0.088  0.007 0.232  0.455 0.240 -2.820 0.065
V10   3.465  3 210  -0.333 81 322  -3.130  8 120   3.297 255 82 -176 165 87   -8
PDEW 2023/12/09 04:49:44.6 -45.76  -75.82  10.5 0.0 5.2 OFF COAST OF SOUTHERN CH
C202312090449A   B: 82  119  40 S:147  271  50 M:  0    0   0 CMT: 1 TRIHD:  1.0
CENTROID:      1.5 0.1 -45.82 0.01  -76.09 0.01  12.5  0.8 FREE S-20240228224853
23 -1.700 0.148  4.500 0.146 -2.800 0.137 -0.782 0.313 -2.530 0.382 -6.760 0.115
V10   8.572  4  31  -0.668 67 130  -7.904 23 300   8.238  78 72 -166 343 77  -19
PDEW 2023/12/12 01:00:37.7 -45.67  -77.45  10.0 0.0 4.6 OFF COAST OF SOUTHERN CH
C202312120100A   B: 55   70  40 S:127  200  50 M:  0    0   0 CMT: 1 TRIHD:  0.8
CENTROID:      2.2 0.2 -45.75 0.01  -77.62 0.02  13.1  1.2 FREE S-20240228232531
23 -0.345 0.099  2.070 0.102 -1.730 0.100  0.239 0.220 -0.958 0.243 -3.690 0.097
V10   4.425  8  32  -0.320 76 160  -4.110 11 300   4.268  76 76 -178 346 89  -14
PDEW 2023/12/24 03:23:43.3 -38.08  -73.89  16.0 0.0 5.8 NEAR COAST OF CENTRAL CH
C202312240323A   B:148  283  40 S:163  348  50 M: 93  108 125 CMT: 1 TRIHD:  2.0
CENTROID:      5.1 0.1 -38.25 0.01  -74.12 0.01  19.1  0.4 FREE S-20240229014301
24  3.830 0.053  0.037 0.031 -3.870 0.041 -0.091 0.073 -5.940 0.155  0.014 0.024
V10   7.060 61  91   0.036  1   1  -7.099 29 270   7.079 359 16   88 181 74   91
PDEW 2024/01/03 08:04:04.5 -28.45  -68.82 117.0 0.0 5.5 LA RIOJA PROVINCE, ARGEN
C202401030804A   B:144  234  40 S:144  258  50 M:  0    0   0 CMT: 1 TRIHD:  1.4
CENTROID:      4.5 0.1 -28.52 0.01  -68.78 0.01 121.2  0.8 FREE S-20240330210153
24 -1.930 0.022  0.793 0.031  1.130 0.035 -0.360 0.020  0.780 0.024 -1.370 0.025
V10   2.496 11 229  -0.385  8 321  -2.118 77  87   2.307 310 35 -104 146 56  -81
PDEW 2024/01/21 17:37:47.2 -33.88  -72.48  10.0 0.0 4.7 OFF COAST OF CENTRAL CHI
C202401211737A   B: 21   23  40 S: 66   81  50 M:  0    0   0 CMT: 1 TRIHD:  0.8
CENTROID:      5.9 0.4 -33.59 0.03  -72.35 0.04  32.2  0.9 FREE S-20240430223754
23  4.230 0.279 -0.569 0.166 -3.660 0.181 -0.482 0.150 -1.100 0.185 -0.196 0.098
V10   4.421 81 124  -0.589  4   5  -3.831  8 275   4.126 359 37   83 189 53   96
PDEW 2024/02/11 21:14:43.4 -28.25  -71.29  33.9 0.0 5.4 NEAR COAST OF CENTRAL CH
C202402112114A   B:116  178  40 S:131  223  50 M:  0    0   0 CMT: 1 TRIHD:  1.3
CENTROID:      2.6 0.1 -28.29 0.01  -71.49 0.01  30.3  0.5 FREE S-20240430220125
24  1.270 0.023  0.375 0.016 -1.650 0.022 -0.898 0.033  0.984 0.040 -0.084 0.018
V10   2.041 58 207  -0.080 25 346  -1.966 18  85   2.004 208 35  138 335 68   63
PDEW 2024/02/14 01:31:41.8 -28.89  -71.42  28.0 0.0 5.8 NEAR COAST OF CENTRAL CH
C202402140131A   B:155  326  40 S:162  346  50 M:120  153 125 CMT: 1 TRIHD:  2.2
CENTROID:      6.0 0.1 -28.97 0.01  -71.66 0.01  36.2  0.3 FREE S-20240430222421
25  0.659 0.006  0.058 0.004 -0.717 0.005  0.191 0.006 -0.529 0.008 -0.006 0.003
V10   0.880 68  55   0.021 11 173  -0.900 19 266   0.890  14 28  114 168 65   78
PDEW 2024/02/15 23:59:35.8 -29.17  -71.85   9.5 0.0 5.0 NEAR COAST OF CENTRAL CH
C202402152359A   B: 42   51  40 S:102  148  50 M:  0    0   0 CMT: 1 TRIHD:  0.8
CENTROID:      3.6 0.2 -29.21 0.02  -71.95 0.02  22.0  0.7 FREE S-20240430223815
23  4.090 0.174 -0.500 0.093 -3.590 0.118 -0.306 0.139 -2.390 0.162  0.083 0.057
V10   4.792 74 102  -0.519  3   1  -4.273 16 270   4.533 355 29   83 183 61   94
PDEW 2024/03/12 03:42:32.4 -33.84  -72.54  13.9 0.0 5.1 OFF COAST OF CENTRAL CHI
C202403120342A   B: 53   66  40 S:104  142  50 M:  0    0   0 CMT: 1 TRIHD:  0.9
CENTROID:      6.1 0.2 -33.90 0.02  -72.67 0.02  17.2  1.1 FREE S-20240529220447
23  3.960 0.201 -0.086 0.101 -3.870 0.151 -1.370 0.277 -5.380 0.478 -0.305 0.073
V10   6.869 62 109  -0.134  4  11  -6.730 27 279   6.800 357 18   76 192 72   95
PDEW 2024/04/03 13:51:56.8 -36.95  -72.94  36.0 0.0 5.2 NEAR COAST OF CENTRAL CH
C202404031351A   B:101  159  40 S:108  152  50 M:  0    0   0 CMT: 1 TRIHD:  1.1
CENTROID:      4.0 0.2 -36.97 0.01  -73.00 0.02  43.2  0.7 FREE S-20240629210744
24  0.984 0.024 -0.043 0.017 -0.941 0.018  0.167 0.015 -0.470 0.023 -0.117 0.015
V10   1.123 74  55  -0.068 10 182  -1.055 13 274   1.089  18 34  108 176 58   78
PDEW 2024/05/13 09:18:49.5 -35.39  -73.29  10.0 0.0 5.2 OFF COAST OF CENTRAL CHI
C202405130918A   B: 72   95  40 S:119  180  50 M:  0    0   0 CMT: 1 TRIHD:  1.0
CENTROID:      8.5 0.2 -35.44 0.01  -73.31 0.01  18.4  0.7 FREE S-20240729224016
23  4.810 0.158  0.030 0.090 -4.840 0.119 -1.250 0.210 -6.280 0.357 -1.250 0.072
V10   7.946 64 100   0.326  1 192  -8.273 26 283   8.110  16 19   94 192 71   89
PDEW 2024/05/14 03:18:36.8 -28.68  -71.70  20.4 0.0 4.9 NEAR COAST OF CENTRAL CH
C202405140318A   B: 33   35  40 S: 88  115  50 M:  0    0   0 CMT: 1 TRIHD:  0.7
CENTROID:      3.2 0.3 -28.66 0.02  -71.88 0.03  27.9  0.8 FREE S-20240729223942
23  3.170 0.171 -0.612 0.097 -2.550 0.122 -0.348 0.139 -1.220 0.183  1.560 0.062
V10   3.531 73 126   0.018 15 335  -3.541  8 243   3.536 316 39   66 166 55  108
PDEW 2024/07/05 18:53:05.1 -28.80  -69.37 109.6 0.0 4.8 CHILE-ARGENTINA BORDER R
C202407051853A   B: 20   22  40 S: 87  103  50 M:  0    0   0 CMT: 1 TRIHD:  0.7
CENTROID:      3.0 0.3 -28.72 0.02  -69.11 0.05 106.6  4.8 FREE S-20240928210853
23 -1.890 0.099  0.758 0.148  1.140 0.175 -0.754 0.074  0.364 0.119  1.510 0.115
V10   2.483  3 132  -0.194 25 224  -2.281 65  36   2.382 198 47 -125  64 53  -58
PDEW 2024/08/18 23:32:00.3 -37.08  -73.86  11.9 0.0 5.2 NEAR COAST OF CENTRAL CH
C202408182331A   B: 64   80  40 S:106  167  50 M:  0    0   0 CMT: 1 TRIHD:  0.9
CENTROID:      4.5 0.2 -37.15 0.01  -74.03 0.01  14.8  0.8 FREE S-20241029225006
23  3.910 0.154  0.334 0.089 -4.240 0.118 -0.588 0.195 -4.720 0.348 -0.674 0.079
V10   6.082 65  96   0.430  1 188  -6.508 25 278   6.295   9 20   92 187 70   89
PDEW 2024/08/26 16:21:49.5 -44.87  -73.71  58.5 0.0 5.0 SOUTHERN CHILE          
C202408261621A   B: 73  109  40 S:122  188  50 M:  0    0   0 CMT: 1 TRIHD:  0.9
CENTROID:      2.4 0.2 -44.93 0.01  -73.85 0.02  72.0  1.9 FREE S-20241030001000
23  0.865 0.131 -4.150 0.110  3.290 0.125  2.060 0.068 -3.130 0.082  0.801 0.122
V10   5.463 35  86  -0.138 45 311  -5.320 24 195   5.391 235 46   10 138 83  135
PDEW 2024/08/28 02:44:17.1 -28.59  -69.58 101.4 0.0 4.8 CHILE-ARGENTINA BORDER R
C202408280244A   B: 32   36  40 S: 77   94  50 M:  0    0   0 CMT: 1 TRIHD:  0.7
CENTROID:      6.0 0.4 -28.59 0.02  -69.61 0.04 116.3  3.9 FREE S-20241203115455
23 -2.260 0.091 -0.419 0.108  2.680 0.145  0.161 0.065  1.020 0.116 -1.100 0.098
V10   3.189 10 253  -0.653 14 346  -2.535 73 130   2.862 327 37 -114 176 56  -73
PDEW 2024/08/31 13:04:47.8 -29.84  -71.70  26.4 0.0 5.0 NEAR COAST OF CENTRAL CH
C202408311304B   B: 90  126  40 S:105  155  50 M:  0    0   0 CMT: 1 TRIHD:  1.0
CENTROID:      4.7 0.2 -29.78 0.01  -71.82 0.01  35.0  0.6 FREE S-20241031202054
24  0.803 0.018  0.088 0.012 -0.891 0.015 -0.055 0.015 -0.490 0.019 -0.038 0.010
V10   0.937 75 101   0.088  2   3  -1.025 15 273   0.981 360 30   86 185 60   92
PDEW 2024/09/03 01:16:40.4 -45.67  -76.83  10.0 0.0 4.9 OFF COAST OF SOUTHERN CH
C202409030116A   B: 31   41  40 S:104  133  50 M:  0    0   0 CMT: 1 TRIHD:  0.7
CENTROID:      3.3 0.3 -45.64 0.03  -76.82 0.03  17.0  1.0 FREE S-20241129194714
23 -3.330 0.183  0.436 0.108  2.900 0.129  0.582 0.352  0.666 0.311 -0.702 0.084
V10   3.125  5 256   0.391 11 347  -3.510 78 144   3.318 335 42 -107 176 50  -76
PDEW 2024/09/03 01:21:40.5 -45.56  -76.58  10.0 0.0 5.3 OFF COAST OF SOUTHERN CH
C202409030121A   B: 82  139  40 S:149  267  50 M:  0    0   0 CMT: 1 TRIHD:  1.0
CENTROID:      2.1 0.1 -45.56 0.01  -76.80 0.01  12.0  0.0 FIX  S-20241129195005
24 -0.900 0.010  0.052 0.010  0.848 0.010  0.425 0.032  0.112 0.031 -0.189 0.010
V10   0.891  1 258   0.187 22 348  -1.078 68 166   0.984 327 48 -120 188 50  -61
PDEW 2024/09/06 10:12:58.8 -28.67  -69.61 123.0 0.0 5.7 CHILE-ARGENTINA BORDER R
C202409061012A   B:150  271  40 S:153  320  50 M:  0    0   0 CMT: 1 TRIHD:  1.7
CENTROID:      2.6 0.1 -28.71 0.01  -69.41 0.01 128.2  0.6 FREE S-20241129201227
24  4.570 0.032 -0.580 0.040 -3.990 0.047  0.279 0.033 -0.564 0.042 -0.360 0.045
V10   4.625 85  49  -0.564  4 185  -4.061  4 276   4.343  10 42   96 182 49   85
PDEW 2024/09/15 02:54:59.1 -27.42  -67.23 138.7 0.0 4.8 CATAMARCA PROVINCE, ARGE
C202409150254A   B: 31   35  40 S: 94  126  50 M:  0    0   0 CMT: 1 TRIHD:  0.7
CENTROID:      4.6 0.3 -27.47 0.02  -67.20 0.02 171.7  3.4 FREE S-20241129213826
23  0.536 0.111  0.543 0.118 -1.080 0.143  1.350 0.074 -2.250 0.095 -1.520 0.107
V10   3.472 41  42  -0.723 35 168  -2.750 30 282   3.111  66 35  170 164 84   55
PDEW 2024/09/21 17:44:09.0 -44.33  -78.61  10.0 0.0 4.4 OFF COAST OF SOUTHERN CH
C202409211744A   B: 33   40  40 S:117  161  50 M:  0    0   0 CMT: 1 TRIHD:  0.7
CENTROID:      2.6 0.2 -44.60 0.01  -78.88 0.02  13.5  1.4 FREE S-20241129223725
23 -0.289 0.092  1.660 0.103 -1.370 0.084  0.083 0.197 -0.017 0.188 -2.740 0.082
V10   3.278  1  31  -0.291 89 235  -2.986  1 121   3.132 166 89    0  76 90  179
PDEW 2024/09/21 21:24:28.7 -31.89  -66.89 141.0 0.0 6.0 LA RIOJA PROVINCE, ARGEN
C202409212124A   B:166  370  40 S:163  377  50 M:113  166 125 CMT: 1 TRIHD:  2.4
CENTROID:      4.5 0.1 -32.00 0.00  -66.85 0.01 153.2  0.4 FREE S-20241129224426
25 -0.792 0.006  0.119 0.007  0.673 0.008 -0.358 0.005 -0.258 0.006 -0.794 0.007
V10   1.237  0  55  -0.144 34 145  -1.093 56 325   1.165 115 54 -134 354 54  -46
PDEW 2024/09/22 18:46:38.4 -32.03  -71.56  54.0 0.0 5.1 NEAR COAST OF CENTRAL CH
C202409221846A   B: 73   99  40 S:118  169  50 M:  0    0   0 CMT: 1 TRIHD:  0.8
CENTROID:      2.9 0.2 -32.01 0.01  -71.37 0.02  83.2  2.8 FREE S-20241129223933
23 -0.772 0.151  1.160 0.120 -0.391 0.148  0.093 0.070  4.400 0.074  1.700 0.113
V10   4.366 37 299   0.817 23 190  -5.185 44  76   4.775  90 24   -9 189 86 -113
PDEW 2024/09/23 02:36:39.2 -29.70  -71.21  63.0 0.0 5.4 NEAR COAST OF CENTRAL CH
C202409230236A   B:134  226  40 S:142  246  50 M:  0    0   0 CMT: 1 TRIHD:  1.2
CENTROID:      4.2 0.1 -29.79 0.01  -71.41 0.01  75.2  0.7 FREE S-20241129230000
24 -1.250 0.017  0.350 0.018  0.904 0.021 -0.370 0.013  0.341 0.018 -0.721 0.015
V10   1.488 10 235  -0.136  5 144  -1.348 79  28   1.418 331 35  -81 140 55  -96
PDEW 2024/09/24 00:58:46.4 -31.35  -65.69 151.9 0.0 5.0 CORDOBA PROVINCE, ARGENT
C202409240058A   B: 16   16  40 S: 88  115  50 M:  0    0   0 CMT: 1 TRIHD:  0.9
CENTROID:      7.1 0.3 -31.56 0.02  -65.67 0.03 174.4  3.5 FREE S-20250106232111
23 -1.140 0.179 -0.473 0.167  1.620 0.186  2.010 0.136 -0.325 0.166 -4.990 0.168
V10   6.003 12  49  -0.971 66 290  -5.026 20 144   5.514 185 67   -6 278 85 -157
PDEW 2024/10/20 22:59:40.9 -30.88  -68.77 109.0 0.0 5.7 SAN JUAN PROVINCE, ARGEN
C202410202259A   B:158  298  40 S:156  330  50 M:  0    0   0 CMT: 1 TRIHD:  1.8
CENTROID:      2.6 0.1 -30.90 0.01  -68.73 0.01 117.5  0.6 FREE S-20241229221120
24 -4.620 0.034  0.045 0.039  4.580 0.044 -0.968 0.030 -0.082 0.039  0.722 0.041
V10   4.698  1  99   0.121 11 189  -4.813 79   2   4.756 178 45 -106  20 48  -75
PDEW 2024/10/24 11:45:36.0 -28.72  -71.79  13.5 0.0 4.9 NEAR COAST OF CENTRAL CH
C202410241145A   B: 45   54  40 S: 95  124  50 M:  0    0   0 CMT: 1 TRIHD:  0.8
CENTROID:      6.0 0.2 -28.68 0.02  -71.95 0.02  14.3  1.0 FREE S-20250202231316
23  3.240 0.165  0.387 0.085 -3.630 0.127 -1.130 0.213 -0.007 0.205  1.430 0.079
V10   3.667 69 169   0.433 21 341  -4.103  3  72   3.885 182 46  120 323 51   63
PDEW 2024/11/03 04:04:04.5 -35.70  -69.49 188.1 0.0 5.4 MENDOZA PROVINCE, ARGENT
C202411030404A   B:127  206  40 S:156  298  50 M:  0    0   0 CMT: 1 TRIHD:  1.4
CENTROID:      3.2 0.1 -35.76 0.01  -69.40 0.01 196.8  0.8 FREE S-20250129195054
24 -1.550 0.025  0.161 0.030  1.380 0.033 -1.360 0.021 -1.080 0.025  0.788 0.027
V10   2.421 23 123  -0.033 14 219  -2.397 63 338   2.409 187 26 -124  44 69  -75
PDEW 2024/11/08 11:38:00.4 -46.78  -75.64  10.0 0.0 6.3 SOUTHERN CHILE          
C202411081137A   B:168  419  40 S:169  438  50 M:160  292 125 CMT: 1 TRIHD:  3.5
CENTROID:      6.9 0.0 -46.72 0.00  -75.63 0.00  12.0  0.0 FIX  S-20250129203945
25  3.090 0.010  0.059 0.010 -3.150 0.011 -0.528 0.028 -2.040 0.028 -0.694 0.009
V10   3.724 73 107   0.200  1  13  -3.925 17 282   3.825  10 28   87 193 62   92
PDEW 2024/11/26 12:33:09.4 -30.45  -71.35  47.1 0.0 5.1 NEAR COAST OF CENTRAL CH
C202411261233A   B: 83  105  40 S:106  150  50 M:  0    0   0 CMT: 1 TRIHD:  0.8
CENTROID:      3.8 0.2 -30.53 0.01  -71.45 0.02  55.8  1.1 FREE S-20250226125657
23  4.640 0.130  0.154 0.104 -4.800 0.102  0.616 0.072 -1.860 0.111  0.256 0.088
V10   5.057 78  58   0.116  6 175  -5.179 11 266   5.118   3 34  100 171 56   83
PDEW 2024/12/07 06:26:27.3 -38.92  -73.58  37.0 0.0 5.3 NEAR COAST OF CENTRAL CH
C202412070626A   B:122  206  40 S:147  251  50 M:  0    0   0 CMT: 1 TRIHD:  1.1
CENTROID:      1.5 0.1 -38.97 0.01  -73.55 0.01  29.9  0.3 FREE S-20250228202434
24  0.952 0.019 -0.731 0.014 -0.221 0.016 -0.199 0.019  0.659 0.026  0.673 0.011
V10   1.253 64 277   0.077 21 134  -1.330 14  39   1.291 102 36   53 326 62  114
PDEW 2024/12/13 23:38:18.2 -35.33  -70.73 109.0 0.0 6.4 CHILE-ARGENTINA BORDER R
C202412132338A   B:169  437  40 S:171  422  50 M:150  250 125 CMT: 1 TRIHD:  3.8
CENTROID:      4.2 0.0 -35.36 0.00  -70.79 0.00 115.0  0.3 FREE S-20250228214618
25 -2.180 0.017  0.278 0.019  1.900 0.022 -0.908 0.013 -3.680 0.015  1.690 0.017
V10   4.868 28 116  -0.521 12  19  -4.349 59 268   4.609 235 20  -53  16 74 -103
PDEW 2024/12/18 09:52:25.8 -31.53  -68.89 103.7 0.0 4.8 SAN JUAN PROVINCE, ARGEN
C202412180952A   B: 22   25  40 S: 83   97  50 M:  0    0   0 CMT: 1 TRIHD:  0.7
CENTROID:      3.5 0.3 -31.56 0.02  -68.91 0.04 107.5  4.0 FREE S-20250228222018
23 -1.930 0.105  0.339 0.110  1.590 0.152  0.523 0.069 -1.210 0.108  1.760 0.127
V10   2.936  9 123  -0.223 31  27  -2.714 58 226   2.825 244 45  -44   8 61 -126
PDEW 2024/12/24 22:42:25.8 -28.20  -67.36 138.0 0.0 5.9 LA RIOJA PROVINCE, ARGEN
C202412242242A   B:156  348  40 S:163  367  50 M: 97  134 125 CMT: 1 TRIHD:  2.3
CENTROID:      5.7 0.1 -28.24 0.00  -67.32 0.01 152.7  0.4 FREE S-20250228232634
25 -0.716 0.005 -0.359 0.006  1.070 0.007 -0.247 0.004 -0.343 0.005 -0.011 0.006
V10   1.134 11  91  -0.247 24 186  -0.892 63 339   1.013 154 40 -129  21 60  -62
PDEW 2024/12/30 05:41:06.7 -29.93  -72.00  10.0 0.0 5.5 NEAR COAST OF CENTRAL CH
C202412300541A   B:111  166  40 S:156  296  50 M:  0    0   0 CMT: 1 TRIHD:  1.6
CENTROID:     -3.3 0.1 -29.96 0.01  -72.06 0.01  19.6  0.4 FREE S-20250301192945
24  2.120 0.033 -0.015 0.020 -2.100 0.026  0.669 0.048 -2.400 0.073  0.223 0.017
V10   3.288 65  68  -0.025  5 168  -3.257 25 261   3.272   1 21  103 167 70   85
PDEQ 2025/07/02 01:39:39.3 -33.57  -72.49  10.0 0.0 5.5 OFF COAST OF CENTRAL CHI
C202507020139A   B: 89  156  40 S:106  152  50 M:  0    0   0 CMT: 1 TRIHD:  1.2
CENTROID:      6.0 0.1 -33.60 0.01  -72.83 0.01  13.4  1.1 FREE Q-20250702065127
24  0.395 0.019 -0.106 0.012 -0.289 0.016 -0.631 0.063 -1.400 0.139 -0.243 0.011
V10   1.571 53 111   0.046  3 205  -1.617 37 297   1.594  48  8  113 205 82   87
PDEW 2025/02/02 10:25:28.4 -44.48  -79.48  10.0 0.0 4.6 OFF COAST OF SOUTHERN CH
C202502021025A   B: 29   35  40 S:103  132  50 M:  0    0   0 CMT: 1 TRIHD:  0.7
CENTROID:      0.7 0.3 -44.67 0.01  -79.89 0.02  20.0  1.4 FREE S-20250501202911
23 -0.245 0.113  0.870 0.107 -0.625 0.096 -0.277 0.177  0.873 0.183 -2.610 0.082
V10   3.011 13 218  -0.300 72 353  -2.711 13 125   2.861 262 72  180 352 90   18
PDEW 2025/02/02 13:54:17.0 -30.69  -71.39  49.2 0.0 4.7 NEAR COAST OF CENTRAL CH
C202502021354A   B: 45   51  40 S: 51   60  50 M:  0    0   0 CMT: 1 TRIHD:  0.7
CENTROID:      1.3 0.4 -30.86 0.03  -71.65 0.04  39.3  0.8 FREE S-20250529122848
23  3.600 0.172 -0.865 0.106 -2.740 0.107 -0.266 0.085  0.047 0.111  0.162 0.086
V10   3.616 87 186  -0.866  3 355  -2.755  1  85   3.185 178 44   95 352 46   85
PDEW 2025/02/11 02:24:06.7 -37.23  -75.03  13.7 0.0 5.2 OFF COAST OF CENTRAL CHI
C202502110224A   B: 75  115  40 S:134  215  50 M:  0    0   0 CMT: 1 TRIHD:  1.0
CENTROID:      3.8 0.1 -37.33 0.01  -75.13 0.01  17.0  0.4 FREE S-20250501222106
24 -0.864 0.018 -0.059 0.010  0.923 0.014  0.198 0.030  0.001 0.028  0.202 0.009
V10   0.964  1 281  -0.053 13  12  -0.911 77 186   0.937 358 45 -109 204 48  -72
PDEW 2025/02/16 07:08:44.5 -38.50  -73.77  20.4 0.0 5.0 NEAR COAST OF CENTRAL CH
C202502160708A   B: 52   69  40 S: 89  126  50 M:  0    0   0 CMT: 1 TRIHD:  0.9
CENTROID:      2.4 0.2 -38.60 0.02  -74.14 0.02  22.7  0.8 FREE S-20250501225858
23  4.600 0.217  0.151 0.126 -4.750 0.148 -0.255 0.185 -3.260 0.220 -0.717 0.090
V10   5.625 73  91   0.247  2 187  -5.870 17 278   5.748  11 28   94 186 62   88
PDEW 2025/02/22 22:20:25.3 -45.58  -76.70  10.0 0.0 5.4 OFF COAST OF SOUTHERN CH
C202502222220A   B:108  188  40 S:161  309  50 M:  0    0   0 CMT: 1 TRIHD:  1.3
CENTROID:      0.3 0.1 -45.60 0.01  -77.05 0.01  12.0  0.0 FIX  S-20250502000037
24 -0.363 0.022  0.808 0.021 -0.445 0.024  0.173 0.051 -0.661 0.055 -1.540 0.018
V10   1.960 13  36  -0.310 66 156  -1.650 20 301   1.805  79 66 -174 347 85  -24
PDEW 2025/02/24 12:26:00.9 -45.73  -77.30  10.0 0.0 5.1 OFF COAST OF SOUTHERN CH
C202502241226A   B: 65   91  40 S:136  224  50 M:  0    0   0 CMT: 1 TRIHD:  0.9
CENTROID:      1.6 0.2 -45.71 0.01  -77.60 0.01  15.1  0.8 FREE S-20250502002052
23 -0.512 0.122  2.940 0.115 -2.420 0.109 -0.866 0.332 -1.150 0.338 -5.310 0.100
V10   6.211  1 211  -0.144 75 117  -6.058 14 302   6.135 346 79  -10  78 81 -169
PDEW 2025/03/16 21:50:23.6 -29.27  -69.57 104.6 0.0 4.8 CHILE-ARGENTINA BORDER R
C202503162150A   B: 24   25  40 S: 69   82  50 M:  0    0   0 CMT: 1 TRIHD:  0.8
CENTROID:      3.1 0.3 -29.04 0.02  -70.03 0.03 127.0  0.0 FIX  S-20250713151928
23 -2.580 0.117 -1.210 0.207  3.780 0.235 -0.517 0.091  0.755 0.189 -2.170 0.146
V10   4.700  7 249  -1.957 16 157  -2.753 72   1   3.727 357 41  -64 145 54 -110
PDEW 2025/03/18 21:17:48.8 -30.07  -71.28  68.4 0.0 5.3 NEAR COAST OF CENTRAL CH
C202503182117A   B:112  162  40 S:124  193  50 M:  0    0   0 CMT: 1 TRIHD:  1.0
CENTROID:      3.6 0.1 -30.14 0.01  -71.42 0.01  76.8  0.9 FREE S-20250529231146
24 -0.876 0.013  0.000 0.013  0.877 0.014  0.175 0.010  0.191 0.014  0.179 0.015
V10   0.939  7 282  -0.015  8  13  -0.923 79 153   0.931   2 39 -104 200 53  -79
PDEW 2025/03/24 04:35:09.1 -29.71  -71.30  79.8 0.0 5.1 NEAR COAST OF CENTRAL CH
C202503240435A   B: 79   98  40 S:119  167  50 M:  0    0   0 CMT: 1 TRIHD:  0.9
CENTROID:      2.0 0.2 -29.65 0.01  -71.40 0.02  81.0  1.5 FREE S-20250530000603
23 -5.710 0.105  1.040 0.111  4.670 0.135  0.184 0.088 -0.738 0.128 -2.640 0.098
V10   6.105  4  62  -0.343  2 152  -5.762 86 270   5.934 150 41  -93 334 49  -87
PDEW 2025/04/24 03:20:08.7 -30.73  -71.88  28.6 0.0 5.1 NEAR COAST OF CENTRAL CH
C202504240320A   B: 66   92  40 S:102  157  50 M:  0    0   0 CMT: 1 TRIHD:  0.9
CENTROID:      5.3 0.2 -30.80 0.01  -71.97 0.02  30.4  0.7 FREE S-20250630002832
23  5.490 0.184  0.221 0.105 -5.710 0.124  0.275 0.137 -4.890 0.185  0.512 0.072
V10   7.325 69  88   0.263  1 356  -7.587 21 265   7.456 354 24   88 176 66   91
